0 : 1 2 4 7 3 5 8 6 9 10 
1 : 1 2 4 7 3 5 8 9 6 10 
2 : 1 2 4 7 3 5 8 9 10 6 
3 : 1 2 4 7 3 5 6 8 9 10 
4 : 1 2 4 7 3 8 5 9 6 10 
5 : 1 2 4 7 3 8 5 9 10 6 
6 : 1 2 4 7 3 8 5 6 9 10 
7 : 1 2 4 7 3 8 9 5 10 6 
8 : 1 2 4 7 3 8 9 5 6 10 
9 : 1 2 4 7 3 8 9 10 5 6 
10 : 1 2 4 7 5 3 8 6 9 10 
11 : 1 2 4 7 5 3 8 9 6 10 
12 : 1 2 4 7 5 3 8 9 10 6 
13 : 1 2 4 7 5 3 6 8 9 10 
14 : 1 2 4 7 5 8 3 6 9 10 
15 : 1 2 4 7 5 8 3 9 6 10 
16 : 1 2 4 7 5 8 3 9 10 6 
17 : 1 2 4 7 5 8 6 3 9 10 
18 : 1 2 4 7 5 8 6 9 3 10 
19 : 1 2 4 7 5 8 6 9 10 3 
20 : 1 2 4 7 5 8 9 6 3 10 
21 : 1 2 4 7 5 8 9 6 10 3 
22 : 1 2 4 7 5 8 9 3 6 10 
23 : 1 2 4 7 5 8 9 3 10 6 
24 : 1 2 4 7 5 8 9 10 3 6 
25 : 1 2 4 7 5 8 9 10 6 3 
26 : 1 2 4 7 5 6 8 3 9 10 
27 : 1 2 4 7 5 6 8 9 3 10 
28 : 1 2 4 7 5 6 8 9 10 3 
29 : 1 2 4 7 5 6 3 8 9 10 
30 : 1 2 4 7 8 5 3 9 6 10 
31 : 1 2 4 7 8 5 3 9 10 6 
32 : 1 2 4 7 8 5 3 6 9 10 
33 : 1 2 4 7 8 5 9 3 6 10 
34 : 1 2 4 7 8 5 9 3 10 6 
35 : 1 2 4 7 8 5 9 6 3 10 
36 : 1 2 4 7 8 5 9 6 10 3 
37 : 1 2 4 7 8 5 9 10 6 3 
38 : 1 2 4 7 8 5 9 10 3 6 
39 : 1 2 4 7 8 5 6 9 3 10 
40 : 1 2 4 7 8 5 6 9 10 3 
41 : 1 2 4 7 8 5 6 3 9 10 
42 : 1 2 4 7 8 3 5 9 6 10 
43 : 1 2 4 7 8 3 5 9 10 6 
44 : 1 2 4 7 8 3 5 6 9 10 
45 : 1 2 4 7 8 3 9 5 10 6 
46 : 1 2 4 7 8 3 9 5 6 10 
47 : 1 2 4 7 8 3 9 10 5 6 
48 : 1 2 4 7 8 9 3 5 10 6 
49 : 1 2 4 7 8 9 3 5 6 10 
