0 : 1 7 3 2 4 6 5 
1 : 1 7 3 2 4 5 6 
2 : 1 7 3 2 6 4 5 
3 : 1 7 3 2 6 5 4 
4 : 1 7 3 2 5 6 4 
5 : 1 7 3 2 5 4 6 
6 : 1 7 3 4 2 6 5 
7 : 1 7 3 4 2 5 6 
8 : 1 7 3 4 6 2 5 
9 : 1 7 3 6 4 2 5 
10 : 1 7 3 6 2 4 5 
11 : 1 7 3 6 2 5 4 
12 : 1 7 2 3 5 4 6 
13 : 1 7 2 3 5 6 4 
14 : 1 7 2 3 4 5 6 
15 : 1 7 2 3 4 6 5 
16 : 1 7 2 3 6 4 5 
17 : 1 7 2 3 6 5 4 
18 : 1 7 2 5 3 4 6 
19 : 1 7 2 5 3 6 4 
20 : 1 3 7 2 4 6 5 
21 : 1 3 7 2 4 5 6 
22 : 1 3 7 2 6 4 5 
23 : 1 3 7 2 6 5 4 
24 : 1 3 7 2 5 6 4 
25 : 1 3 7 2 5 4 6 
26 : 1 3 7 4 2 6 5 
27 : 1 3 7 4 2 5 6 
28 : 1 3 7 4 6 2 5 
29 : 1 3 7 6 4 2 5 
30 : 1 3 7 6 2 4 5 
31 : 1 3 7 6 2 5 4 
32 : 1 3 2 7 4 5 6 
33 : 1 3 2 7 4 6 5 
34 : 1 3 2 7 5 4 6 
35 : 1 3 2 7 5 6 4 
36 : 1 3 2 7 6 5 4 
37 : 1 3 2 7 6 4 5 
38 : 1 3 2 4 7 5 6 
39 : 1 3 2 4 7 6 5 
40 : 1 3 2 4 5 7 6 
41 : 1 3 2 5 4 7 6 
42 : 1 3 2 5 7 4 6 
43 : 1 3 2 5 7 6 4 
44 : 1 3 4 2 7 5 6 
45 : 1 3 4 2 7 6 5 
46 : 1 3 4 2 5 7 6 
47 : 1 3 4 7 2 6 5 
48 : 1 3 4 7 2 5 6 
49 : 1 3 4 7 6 2 5 
There are 95 topsorts.