
0 : 6 11 12 3 10 14 0 0 0 0 0 0 0 0 
1 : 6 11 12 3 14 10 0 0 0 0 0 0 0 0 
2 : 6 11 12 10 3 14 0 0 0 0 0 0 0 0 
3 : 6 11 12 10 14 3 0 0 0 0 0 0 0 0 
4 : 6 11 12 14 10 3 0 0 0 0 0 0 0 0 
5 : 6 11 12 14 3 10 0 0 0 0 0 0 0 0 
6 : 6 11 3 12 10 14 0 0 0 0 0 0 0 0 
7 : 6 11 3 12 14 10 0 0 0 0 0 0 0 0 
8 : 6 11 3 10 12 14 0 0 0 0 0 0 0 0 
9 : 6 11 10 3 12 14 0 0 0 0 0 0 0 0 
10 : 6 11 10 12 3 14 0 0 0 0 0 0 0 0 
11 : 6 11 10 12 14 3 0 0 0 0 0 0 0 0 
12 : 6 12 11 3 14 10 0 0 0 0 0 0 0 0 
13 : 6 12 11 3 10 14 0 0 0 0 0 0 0 0 
14 : 6 12 11 14 3 10 0 0 0 0 0 0 0 0 
15 : 6 12 11 14 10 3 0 0 0 0 0 0 0 0 
16 : 6 12 11 10 14 3 0 0 0 0 0 0 0 0 
17 : 6 12 11 10 3 14 0 0 0 0 0 0 0 0 
18 : 6 12 3 11 14 10 0 0 0 0 0 0 0 0 
19 : 6 12 3 11 10 14 0 0 0 0 0 0 0 0 
20 : 6 12 3 14 11 10 0 0 0 0 0 0 0 0 
21 : 6 12 14 3 11 10 0 0 0 0 0 0 0 0 
22 : 6 12 14 11 3 10 0 0 0 0 0 0 0 0 
23 : 6 12 14 11 10 3 0 0 0 0 0 0 0 0 
24 : 6 3 12 11 14 10 0 0 0 0 0 0 0 0 
25 : 6 3 12 11 10 14 0 0 0 0 0 0 0 0 
26 : 6 3 12 14 11 10 0 0 0 0 0 0 0 0 
27 : 6 3 11 12 10 14 0 0 0 0 0 0 0 0 
28 : 6 3 11 12 14 10 0 0 0 0 0 0 0 0 
29 : 6 3 11 10 12 14 0 0 0 0 0 0 0 0 
30 : 11 6 12 10 3 14 0 0 0 0 0 0 0 0 
31 : 11 6 12 10 14 3 0 0 0 0 0 0 0 0 
32 : 11 6 12 3 10 14 0 0 0 0 0 0 0 0 
33 : 11 6 12 3 14 10 0 0 0 0 0 0 0 0 
34 : 11 6 12 14 3 10 0 0 0 0 0 0 0 0 
35 : 11 6 12 14 10 3 0 0 0 0 0 0 0 0 
36 : 11 6 10 12 3 14 0 0 0 0 0 0 0 0 
37 : 11 6 10 12 14 3 0 0 0 0 0 0 0 0 
38 : 11 6 10 3 12 14 0 0 0 0 0 0 0 0 
39 : 11 6 3 10 12 14 0 0 0 0 0 0 0 0 
40 : 11 6 3 12 10 14 0 0 0 0 0 0 0 0 
41 : 11 6 3 12 14 10 0 0 0 0 0 0 0 0 
42 : 11 12 6 10 14 3 0 0 0 0 0 0 0 0 
43 : 11 12 6 10 3 14 0 0 0 0 0 0 0 0 
44 : 11 12 6 14 10 3 0 0 0 0 0 0 0 0 
45 : 11 12 6 14 3 10 0 0 0 0 0 0 0 0 
46 : 11 12 6 3 14 10 0 0 0 0 0 0 0 0 
47 : 11 12 6 3 10 14 0 0 0 0 0 0 0 0 
48 : 11 12 10 6 14 3 0 0 0 0 0 0 0 0 
49 : 11 12 10 6 3 14 0 0 0 0 0 0 0 0 
There are 90 topsorts.