0 : 2 3 5 6 1 4 
1 : 2 3 5 6 4 1 
2 : 2 3 5 1 6 4 
3 : 2 3 5 1 4 6 
4 : 2 3 5 4 1 6 
5 : 2 3 5 4 6 1 
6 : 2 3 6 5 1 4 
7 : 2 3 6 5 4 1 
8 : 2 3 6 1 5 4 
9 : 2 3 1 6 5 4 
10 : 2 3 1 5 6 4 
11 : 2 3 1 5 4 6 
12 : 2 5 3 6 1 4 
13 : 2 5 3 6 4 1 
14 : 2 5 3 1 6 4 
15 : 2 5 3 1 4 6 
16 : 2 5 3 4 1 6 
17 : 2 5 3 4 6 1 
18 : 2 5 6 3 1 4 
19 : 2 5 6 3 4 1 
20 : 2 5 6 1 3 4 
21 : 2 5 1 6 3 4 
22 : 2 5 1 3 6 4 
23 : 2 5 1 3 4 6 
24 : 2 6 5 3 1 4 
25 : 2 6 5 3 4 1 
26 : 2 6 5 1 3 4 
27 : 2 6 3 5 1 4 
28 : 2 6 3 5 4 1 
29 : 2 6 3 1 5 4 
30 : 2 6 1 3 5 4 
31 : 2 6 1 5 3 4 
32 : 2 1 5 6 3 4 
33 : 2 1 5 3 6 4 
34 : 2 1 5 3 4 6 
35 : 2 1 6 5 3 4 
36 : 2 1 6 3 5 4 
37 : 2 1 3 6 5 4 
38 : 2 1 3 5 6 4 
39 : 2 1 3 5 4 6 
40 : 3 2 5 6 1 4 
41 : 3 2 5 6 4 1 
42 : 3 2 5 1 6 4 
43 : 3 2 5 1 4 6 
44 : 3 2 5 4 1 6 
45 : 3 2 5 4 6 1 
46 : 3 2 6 5 1 4 
47 : 3 2 6 5 4 1 
48 : 3 2 6 1 5 4 
49 : 3 2 1 6 5 4 
There are 120 topsorts.