0 : 4 5 7 9 2 1 3 10 0 0 
1 : 4 5 7 9 2 1 10 3 0 0 
2 : 4 5 7 9 2 3 1 10 0 0 
3 : 4 5 7 9 2 3 10 1 0 0 
4 : 4 5 7 9 2 10 3 1 0 0 
5 : 4 5 7 9 2 10 1 3 0 0 
6 : 4 5 7 9 1 2 3 10 0 0 
7 : 4 5 7 9 1 2 10 3 0 0 
8 : 4 5 7 9 1 3 2 10 0 0 
9 : 4 5 7 9 3 1 2 10 0 0 
10 : 4 5 7 9 3 2 1 10 0 0 
11 : 4 5 7 9 3 2 10 1 0 0 
12 : 4 5 7 2 9 1 3 10 0 0 
13 : 4 5 7 2 9 1 10 3 0 0 
14 : 4 5 7 2 9 3 1 10 0 0 
15 : 4 5 7 2 9 3 10 1 0 0 
16 : 4 5 7 2 9 10 3 1 0 0 
17 : 4 5 7 2 9 10 1 3 0 0 
18 : 4 5 7 2 1 9 3 10 0 0 
19 : 4 5 7 2 1 9 10 3 0 0 
20 : 4 5 7 2 1 3 9 10 0 0 
21 : 4 5 7 2 1 3 10 9 0 0 
22 : 4 5 7 2 1 10 3 9 0 0 
23 : 4 5 7 2 1 10 9 3 0 0 
24 : 4 5 7 2 3 1 9 10 0 0 
25 : 4 5 7 2 3 1 10 9 0 0 
26 : 4 5 7 2 3 9 1 10 0 0 
27 : 4 5 7 2 3 9 10 1 0 0 
28 : 4 5 7 2 3 10 9 1 0 0 
29 : 4 5 7 2 3 10 1 9 0 0 
30 : 4 5 7 2 10 1 3 9 0 0 
31 : 4 5 7 2 10 1 9 3 0 0 
32 : 4 5 7 2 10 3 1 9 0 0 
33 : 4 5 7 2 10 3 9 1 0 0 
34 : 4 5 7 2 10 9 3 1 0 0 
35 : 4 5 7 2 10 9 1 3 0 0 
36 : 4 5 7 1 2 9 3 10 0 0 
37 : 4 5 7 1 2 9 10 3 0 0 
38 : 4 5 7 1 2 3 9 10 0 0 
39 : 4 5 7 1 2 3 10 9 0 0 
40 : 4 5 7 1 2 10 3 9 0 0 
41 : 4 5 7 1 2 10 9 3 0 0 
42 : 4 5 7 1 9 2 3 10 0 0 
43 : 4 5 7 1 9 2 10 3 0 0 
44 : 4 5 7 1 9 3 2 10 0 0 
45 : 4 5 7 1 3 9 2 10 0 0 
46 : 4 5 7 1 3 2 9 10 0 0 
47 : 4 5 7 1 3 2 10 9 0 0 
48 : 4 5 7 3 2 1 9 10 0 0 
49 : 4 5 7 3 2 1 10 9 0 0 
0 : 4 5 7 9 2 1 3 10 0 0 
1 : 4 5 7 9 2 1 10 3 0 0 
2 : 4 5 7 9 2 3 1 10 0 0 
3 : 4 5 7 9 2 3 10 1 0 0 
4 : 4 5 7 9 2 10 3 1 0 0 
5 : 4 5 7 9 2 10 1 3 0 0 
6 : 4 5 7 9 1 2 3 10 0 0 
7 : 4 5 7 9 1 2 10 3 0 0 
8 : 4 5 7 9 1 3 2 10 0 0 
9 : 4 5 7 9 3 1 2 10 0 0 
10 : 4 5 7 9 3 2 1 10 0 0 
11 : 4 5 7 9 3 2 10 1 0 0 
12 : 4 5 7 2 9 1 3 10 0 0 
13 : 4 5 7 2 9 1 10 3 0 0 
14 : 4 5 7 2 9 3 1 10 0 0 
15 : 4 5 7 2 9 3 10 1 0 0 
16 : 4 5 7 2 9 10 3 1 0 0 
17 : 4 5 7 2 9 10 1 3 0 0 
18 : 4 5 7 2 1 9 3 10 0 0 
19 : 4 5 7 2 1 9 10 3 0 0 
20 : 4 5 7 2 1 3 9 10 0 0 
21 : 4 5 7 2 1 3 10 9 0 0 
22 : 4 5 7 2 1 10 3 9 0 0 
23 : 4 5 7 2 1 10 9 3 0 0 
24 : 4 5 7 2 3 1 9 10 0 0 
25 : 4 5 7 2 3 1 10 9 0 0 
26 : 4 5 7 2 3 9 1 10 0 0 
27 : 4 5 7 2 3 9 10 1 0 0 
28 : 4 5 7 2 3 10 9 1 0 0 
29 : 4 5 7 2 3 10 1 9 0 0 
30 : 4 5 7 2 10 1 3 9 0 0 
31 : 4 5 7 2 10 1 9 3 0 0 
32 : 4 5 7 2 10 3 1 9 0 0 
33 : 4 5 7 2 10 3 9 1 0 0 
34 : 4 5 7 2 10 9 3 1 0 0 
35 : 4 5 7 2 10 9 1 3 0 0 
36 : 4 5 7 1 2 9 3 10 0 0 
37 : 4 5 7 1 2 9 10 3 0 0 
38 : 4 5 7 1 2 3 9 10 0 0 
39 : 4 5 7 1 2 3 10 9 0 0 
40 : 4 5 7 1 2 10 3 9 0 0 
41 : 4 5 7 1 2 10 9 3 0 0 
42 : 4 5 7 1 9 2 3 10 0 0 
43 : 4 5 7 1 9 2 10 3 0 0 
44 : 4 5 7 1 9 3 2 10 0 0 
45 : 4 5 7 1 3 9 2 10 0 0 
46 : 4 5 7 1 3 2 9 10 0 0 
47 : 4 5 7 1 3 2 10 9 0 0 
48 : 4 5 7 3 2 1 9 10 0 0 
49 : 4 5 7 3 2 1 10 9 0 0 
