0 : 4 5 7 9 2 1 8 10 3 11 6 
1 : 4 5 7 9 2 1 8 10 3 6 11 
2 : 4 5 7 9 2 1 8 10 11 3 6 
3 : 4 5 7 9 2 1 8 3 10 6 11 
4 : 4 5 7 9 2 1 8 3 10 11 6 
5 : 4 5 7 9 2 1 8 3 6 10 11 
6 : 4 5 7 9 2 1 10 8 3 11 6 
7 : 4 5 7 9 2 1 10 8 3 6 11 
8 : 4 5 7 9 2 1 10 8 11 3 6 
9 : 4 5 7 9 2 1 10 3 8 11 6 
10 : 4 5 7 9 2 1 10 3 8 6 11 
11 : 4 5 7 9 2 1 10 3 11 8 6 
12 : 4 5 7 9 2 1 10 3 11 6 8 
13 : 4 5 7 9 2 1 10 3 6 11 8 
14 : 4 5 7 9 2 1 10 3 6 8 11 
15 : 4 5 7 9 2 1 10 11 3 8 6 
16 : 4 5 7 9 2 1 10 11 3 6 8 
17 : 4 5 7 9 2 1 10 11 8 3 6 
18 : 4 5 7 9 2 1 3 10 8 6 11 
19 : 4 5 7 9 2 1 3 10 8 11 6 
20 : 4 5 7 9 2 1 3 10 6 8 11 
21 : 4 5 7 9 2 1 3 10 6 11 8 
22 : 4 5 7 9 2 1 3 10 11 6 8 
23 : 4 5 7 9 2 1 3 10 11 8 6 
24 : 4 5 7 9 2 1 3 8 10 6 11 
25 : 4 5 7 9 2 1 3 8 10 11 6 
26 : 4 5 7 9 2 1 3 8 6 10 11 
27 : 4 5 7 9 2 1 3 6 8 10 11 
28 : 4 5 7 9 2 1 3 6 10 8 11 
29 : 4 5 7 9 2 1 3 6 10 11 8 
30 : 4 5 7 9 2 8 1 10 3 11 6 
31 : 4 5 7 9 2 8 1 10 3 6 11 
32 : 4 5 7 9 2 8 1 10 11 3 6 
33 : 4 5 7 9 2 8 1 3 10 6 11 
34 : 4 5 7 9 2 8 1 3 10 11 6 
35 : 4 5 7 9 2 8 1 3 6 10 11 
36 : 4 5 7 9 2 8 10 1 3 11 6 
37 : 4 5 7 9 2 8 10 1 3 6 11 
38 : 4 5 7 9 2 8 10 1 11 3 6 
39 : 4 5 7 9 2 8 10 3 1 11 6 
40 : 4 5 7 9 2 8 10 3 1 6 11 
41 : 4 5 7 9 2 8 10 3 11 1 6 
42 : 4 5 7 9 2 8 10 3 11 6 1 
43 : 4 5 7 9 2 8 10 3 6 11 1 
44 : 4 5 7 9 2 8 10 3 6 1 11 
45 : 4 5 7 9 2 8 10 11 3 1 6 
46 : 4 5 7 9 2 8 10 11 3 6 1 
47 : 4 5 7 9 2 8 10 11 1 3 6 
48 : 4 5 7 9 2 8 3 10 1 6 11 
49 : 4 5 7 9 2 8 3 10 1 11 6 
There are 64680 topsorts.